1270
1412
-1
2607
3124
-1
-1
-1
-1
-1
-1
819
4882
5109
4846
-1
1825
3321
-1
2964
4772
3828
-1
-1
-1
-1
3571
-1
1997
-1
-1
4855
-1
3746
2140
4494
375
2042
4358
4859
4896
-1
4416
4959
2865
-1
-1
-1
-1
3040
-1
-1
534
-1
7.22
-1
3072
2627
4646
-1
-1
-1
4405
-1
-1
-1
4418
-1
-1
2879
4980
5155
4698
4672
-1
3742
5175
815
84.0
1029
5163
-1
740
-1
-1
-1
2093
3498
-1
4973
-1
4419
-1
-1
3885
276
4187
-1
4113
393
-1
2391
-1
2605
-1
4023
-1
2340
4040
-1
2707
2715
5144
-1
4896
-1
4092
-1
159
2637
4218
-1
2891
2258
503
4733
-1
3469
-1
-1
717
4437
3905
5293
4948
4694
-1
2497
2248
-1
4726
3844
4629
5548
-1
4849
-1
2061
4388
-1
-1
-1
5547
4853
-1
-1
1398
4237
-1
5013
4803
4748
2171
-1
3121
-1
3392
4122
GRAPHENTRY 19 27 0.345901072293324
GRAPHENTRY 2 14 0.267236771779797
GRAPHENTRY 5 29 0.202101859337106
GRAPHENTRY 14 13 1.22699386503067
GRAPHENTRY 13 30 0.214041095890411
GRAPHENTRY 13 22 0.193986420950533
GRAPHENTRY 29 13 0.212856534695615
GRAPHENTRY 16 1 0.201085863663784
GRAPHENTRY 7 16 0.257400257400257
GRAPHENTRY 22 15 0.204248366013072
GRAPHENTRY 28 29 0.225377507324769
GRAPHENTRY 5 3 0.195733020160501
GRAPHENTRY 27 34 0.21128248468202
GRAPHENTRY 15 22 0.204248366013072
GRAPHENTRY 11 5 0.467289719626168
GRAPHENTRY 34 27 0.21128248468202
GRAPHENTRY 34 11 0.380662352493338
GRAPHENTRY 28 3 0.337381916329285
GRAPHENTRY 30 34 0.206058108386565
GRAPHENTRY 13 5 0.222518914107699
GRAPHENTRY 5 11 0.467289719626168
GRAPHENTRY 22 2 0.247524752475248
GRAPHENTRY 2 37 0.204834084391643
GRAPHENTRY 34 29 0.180245133381399
GRAPHENTRY 28 5 0.229463056447912
GRAPHENTRY 14 22 0.193685841564982
GRAPHENTRY 13 14 1.22699386503067
GRAPHENTRY 11 30 0.325520833333333
GRAPHENTRY 30 5 0.204248366013072
GRAPHENTRY 13 16 0.200803212851406
GRAPHENTRY 15 13 0.347342827370615
GRAPHENTRY 22 14 0.193685841564982
GRAPHENTRY 11 14 0.193236714975845
GRAPHENTRY 5 30 0.204248366013072
GRAPHENTRY 27 19 0.345901072293324
GRAPHENTRY 30 13 0.214041095890411
GRAPHENTRY 3 16 0.226295541977823
GRAPHENTRY 37 4 0.460617227084293
GRAPHENTRY 4 19 0.248570718369376
GRAPHENTRY 37 2 0.204834084391643
GRAPHENTRY 14 2 0.267236771779797
GRAPHENTRY 22 5 0.36941263391208
GRAPHENTRY 30 29 0.180277627546421
GRAPHENTRY 2 22 0.247524752475248
GRAPHENTRY 4 15 1.35135135135135
GRAPHENTRY 7 3 0.20165355918532
GRAPHENTRY 27 4 0.237079184447606
GRAPHENTRY 25 38 0.242600679281902
GRAPHENTRY 30 28 0.256081946222791
GRAPHENTRY 18 28 1.39470013947001
GRAPHENTRY 5 22 0.36941263391208
GRAPHENTRY 1 16 0.201085863663784
GRAPHENTRY 16 38 0.294811320754717
GRAPHENTRY 15 4 1.35135135135135
GRAPHENTRY 14 16 0.971817298347911
GRAPHENTRY 13 15 0.347342827370615
GRAPHENTRY 3 7 0.20165355918532
GRAPHENTRY 3 5 0.195733020160501
GRAPHENTRY 19 4 0.248570718369376
GRAPHENTRY 29 27 0.211595429538722
GRAPHENTRY 3 28 0.337381916329285
GRAPHENTRY 37 11 0.215238915195867
GRAPHENTRY 16 14 0.971817298347911
GRAPHENTRY 3 13 0.547945205479452
GRAPHENTRY 5 13 0.222518914107699
GRAPHENTRY 14 11 0.193236714975845
GRAPHENTRY 16 7 0.257400257400257
GRAPHENTRY 13 29 0.212856534695615
GRAPHENTRY 28 30 0.256081946222791
GRAPHENTRY 13 3 0.547945205479452
GRAPHENTRY 4 27 0.237079184447606
GRAPHENTRY 29 5 0.202101859337106
GRAPHENTRY 25 1 0.244379276637341
GRAPHENTRY 11 34 0.380662352493338
GRAPHENTRY 29 3 0.188928773852258
GRAPHENTRY 5 7 0.266951414842499
GRAPHENTRY 1 7 0.226449275362319
GRAPHENTRY 27 29 0.211595429538722
GRAPHENTRY 22 13 0.193986420950533
GRAPHENTRY 7 29 0.213037920749893
GRAPHENTRY 3 30 0.26123301985371
GRAPHENTRY 16 29 0.418235048097031
GRAPHENTRY 11 37 0.215238915195867
GRAPHENTRY 11 22 0.368324125230203
GRAPHENTRY 30 3 0.26123301985371
GRAPHENTRY 16 3 0.226295541977823
GRAPHENTRY 5 28 0.229463056447912
GRAPHENTRY 28 18 1.39470013947001
GRAPHENTRY 29 28 0.225377507324769
GRAPHENTRY 7 1 0.226449275362319
GRAPHENTRY 29 7 0.213037920749893
GRAPHENTRY 22 11 0.368324125230203
GRAPHENTRY 38 16 0.294811320754717
GRAPHENTRY 13 1 0.227014755959137
GRAPHENTRY 16 13 0.200803212851406
GRAPHENTRY 29 34 0.180245133381399
GRAPHENTRY 30 11 0.325520833333333
GRAPHENTRY 15 16 0.243131534159981
GRAPHENTRY 1 13 0.227014755959137
GRAPHENTRY 1 25 0.244379276637341
GRAPHENTRY 34 30 0.206058108386565
GRAPHENTRY 38 25 0.242600679281902
GRAPHENTRY 29 30 0.180277627546421
GRAPHENTRY 27 30 1.98807157057654
GRAPHENTRY 29 16 0.418235048097031
GRAPHENTRY 30 27 1.98807157057654
GRAPHENTRY 3 29 0.188928773852258
GRAPHENTRY 7 5 0.266951414842499
GRAPHENTRY 4 37 0.460617227084293
GRAPHENTRY 16 15 0.243131534159981
